1111014-14184011801 . 414 Δ]

01101411. 1411114111·

Ακαρνιίν· Σόφων 1111111111 4 ,45941. 1).

111111 (111011 ,1111131101ὶάπό mmmm 111104 ,UA-(182) 0114111180, 011111-

1151151515015210251ὄκο entia. 9, 8845).

11111111ον1 1011180411 1111111110 1104 11014110 0411110 1141101114. 987949)

11101011 14181111· 7111011114911111814111ἀνΤ11111111111.1,41440).
μεγάλην Δ181 0111114101 01111101 4141411. 4454. 01011141 11111101 011114

,41111111 110111111100.

’111111410111111411140041110 99494184

1414011141. ’411401 11141181 104111 1111141111010411. 9,.9841) Aaesmoo’

181 0111111114019111. 9,4551,14) 1818410101 ’.41411048 91100119,
8154145 pelo 40014010 8111411. 9758494.

11148814011111141 41411410441 Ι, 459.

1111411101· 111 0114111101 4111114101 480 Boeotiis) 4411114. 8 491414.

1111411 4111140110 11111 ’ματα ἀκίδας 1401111111 811011111844414149101,

81519551551515ἴο101οώ111443141144110 9111410418. 4 ,498414

1313μῆἕῷοἒ 3181ἓ1ὶ11713111ομ81 01181 11114101 Ρ11111111. 4441144

111110401411411111 8,94 44). = ’

1111141011 1111114101 011411 4114811111ον (1111911.9,98(8).χ11(111”111141101
8101110014 09195745). 81011111 1111111ομ 0111 41191111. 9,
414 4174. 4111 81131101 44901ν 7401010111 1111414101 44111414. 9, 491494
1101181-140100111-801’11411101140818014001411011118.901.4,447.1141011.
101 814111141ι4’1α1”11’ 1111111101 41141041. 91844994. 1101101011 1114111011
0101010181111115. 45, 74 14800801 1111111101 4118μοος ’11111018 9, 918.
11141 ,1111 110411,114110114114001108.011.4,449.

8114001011 1114110101 στήμονα Ρ404. 9898458)

11141111 401481101111440οΓ ακμῃ 49114111. 9195418). ν1111111 0110111110

1111411111 41114004009,41994104. 1114 1411ι 4111118110 11019 1111141110
14111104.8,994141.9).110111’110111141111411111114110100011111005Δ 4401114.
94181111 ἀκμὴν 411 1101881 πρὸς 14 ’1111101194μ1101 41101011 4454
41, 84. 8111100810 move 8111114111 11101014. 949. 11411 11ορ111 1111411111
141191ομ4111 84101114. 9899. 11ν 1101111441, 1141111110 41111111111114101111.
,11011101 111111 1111 01011011 10111,”” 11

1111 111· 191μο0 1101 0011111 5110140 91111111. 999484. 1110414101111111411

1111ον 4194008011. 8, 85741, 84

8110111 Ae 110111 91111. 9847 494 4110109411 01110 11110111 4111109495
5„ 8111044114441101 11110111, 8110010, td 11101410 11111110

1111140811 01ν 4400011 41141115 5811441, 5)

11οῧ haga 0110111041 44.41010014041111440081018101140111 41011418,
111.011101114ντ1 1104001090 0091 με 0114110 8111111111. 9541941. 19).

111011011111111014111 1110111018ομ 110 4111111118. 89144944

8110100140· 1. 81010040.

4118100101. 1144111118ν 4011 χρη ’μα 1411400101 Plan 9,(148494 (11.5,49
1118400181 40114411181419414 1118100101 4041 14110000 441004 4
87941. 44

11104011 1141 9910118 1110100 (10014114 4141144. 9, 781 48, 74

1181009011’910101101181810088140111114110.9,484441,.84 4101040111
11111 111410 1111184008 9101111. 8559441ἥ

 

