10111- 11411 473

41111111 41111 1144141411. 4, 444 (1). 14111 13114111 0111144οπ111 411441-
114111 ,1414 1114.1,113(111).γ14μ,-1111-111111 4444. 4,2304133,).
1111411 14 4 4104114 (1041401479 111114. 304. 11110 τῆς 141111 11111414 11411441 414·
1111111111.1,41114. 0414111111 0· 0044011114 1140 10444144444114144
philem. 4, 47( (33). 0414110441 441111111οχ111111404 444 1111414441 11-

pm 111111 11 1111144144 411110. 3, 410 41). 10114 1414441114 4144. 311·

411104) 44444. 4, 74434.10111414.111(114114’1 11 1111411144. 4, Μ 44. 174.

10444114 ’1111111 311114ο1 ἀδολεσχίαν ’1111411144.4,1130.10114114(10411·

10411141414441111411141.2,112741,14)ο4.41.334.111111””101 111411 4111111

1011 1110) 011144.1,114114.111μ4111 ’10411111 11111 1114411144 meu

4111111113, 121 (4.3). 1114 γυνὴ 41144111 111111 104114 4011114 44. 041444

1111114111. 4, 37 (70). 10141 11 11111 111144 4414414141 41441ομ 3, 313 4244.
101014111111010141114401 11141111 ,1441144114141 11411144. 4, 331 (1.41).
401111 1 1111111 1011114144 1140414410414110114110141-4114-101114144113 4444

1040114114 114114111141114111101141141113 300 4114. 111 1111 10141·
ἓᾘρῧῖἑὲ1ἷσῖἔ1οα4ο32114ῃ1ῃ14ὓ 101711141όμμ44131ῳ404013 31ρ3311311
4111

11111111111411414.

11140,111 (11141111. 4110 1140 ,11114101- 10111314 (41. 40414311, 1041143144 4114414444.
,(441 10404113 114104 41141401 4141110. 4, 320 4331. 4044411111411
, 4001441111 1144 41111114 41114 41111114 44 4111144414 014444444. 4234410).
, 31114-14114411111111404114114114144111.4.127424

,40101110440111411141111114111111414111141.2,270474.44411441411-
, M ,,,0104111 141011414131 4114114 1111101114 nom* 11111141.11,23041,34.
,4144μ1410011-1000411 11144141 4111141113, 27 41, 124.

10414111441141111111’111114141140114414442,1031(13.3).

’11141114 11441141 404114 1141114143, 3113 411.

1141141 44114114411111111111 1411114141) 0114101414. 4, 321 421).

1414111441 41111111 1141114 04 4411141144411 11144111. 3, 474 44). 41411141·
11114 1141111411 1111114414 ’1111141 4111111144. 4, 337 4411441441141141,
’11111114 41411114 1211111111. 4, 33 (331414. 4, 3041474.

1111011 41111111 1414401111 141141. 4, 44341041 11 (1·’111 14141111 14131111 44441114.
2,,722 (04. 314114131111144011444144.ρ2, 732 444. 114104 (4114111)
·Ε111111414ον Δ101 4114441110).11441411344141141111414111
3, 32)·11444 1114111401 11010141 1111111113, 240. w ’11444114 ⁶8⁸

1141111114 1111 111114 311144. 2, 303 414). 11111 114441-04111114141111104111

1341441144 θ111444114141111. 3,13144.104.

’1111011114 1414411441140111114411.1141111114),Λο11110144’1’14441.3ὥ414.

“111111114041.,Ηο1111.2,3044.34 11111411. 2, 337 (4).

’1141111411 1111041111 111141. 2, 313 413).

11,,,ἔ,4,14,4ἶ,114· 14111 1111111γο4111. 1411 104 lammam 4011111444,

114141411401.

1141441401- -114414 4444. 4, 103444.

41 01. 41411 11404 1114111144-011111111 711144. 2310 424. 1141112441-
041141 4411400111 4111414141. 4, 722 4124. 11041144 14141114· 11144 4113 14140
111414 440711, 3). 401140440414114114 4114141140 1, 430. 34411·
,111141 11113414400114114 4011111 111414. 4, 333. 414111 11οό1 0141142,
33413). 404 ἀφ 11111πῖ(111414441 Men. 4,147(41.41444111,61 11431,

1414 0411041114’ 1411. 141.) 10111141. 3, 232 (2410041414υῄ
14114144141414441111.2,,300411(111444γρ’ 11444ὴ4114 4114411110

333 404. 31114111114111111144111110441444.11411411-

 

